960
48384
60000
6
116
2376
181440
1215
95040
85712697
640
54880
999999999
268800
546750
47958485
14040
1500
76800
1680
81920
61966
1620
24750
51840
409342369
150528
211680
75
28
14700
2400
79200
24576
198450
47628
26
118
31590
391
57600
170
35640
192000
4752
2070
29120
546
63360
29250
56160
9600
160
9504
5625
134400
103
300000
41472
7455307
108000
236250
25
32400
72000
21952
2100
999999937
5200
67893369
23100
23328
4410
30240
259200
42105
182250
21870
52920
16000
43
8208
59
34
457481
38497
89
30
912
474
16320
480000
168000
36960
29952
3312
472392
47
189
84240
281250
301056
2560
4160
949106497
18240
16464
50
986129769
49280
4560
813
33108
5040
23115571
56448
42755209
128
243000
10560
21168
72
5044
510205
420
72576
7056
900
32640
129600
476014
361
1600
28800
24480
518400
66150
10260
42336
1671
3564
132300
2430
16524
120000
127008
75600
29400
40824
7897861
8660
5297
128000
112
31104
22848
393660
15400
42000
7040
8772
28672
8316
93
4704
82944
2600
9000
70
162000
5824
98415
21384
74880
92317161
50688
5
53
124416
46080
3528
9900
108
16224
13
294912
145800
954158175
107
9409159
36864
72900
71805
33792
48000
67
517759
1001604
42120
12240
7500
14256
40320
233280
105000
201600
5760
161280
362880
34111
94
14400
20736
10500
11085765
69120
125
216
57
65610
2880
622080
9100
62208
31
922505446
60
18432
2520
153600
8372259
10240
4312
90720
252000
95256
4480
961175759
3371
114688
473
24696
54432
216000
660
115248
501
792
262440
49896
3645
20480
85
4032
5657
18720
8550
97200
5520
89600
87480
33750
7389
44928
105
112896
6750
105600
32768
999999998
16200
19
24192
94500
44
23232
122
131220
49000
1944
15680
108864
916855204
17920
6400
673921
53760
57024
35
64
84480
2000
9408
31680
12000
49152
50400
17136
49
40
57344
235200
2730
15390
45000
32256
19008
124
94770
110
4200
405000
1890
1008
14
86
29
126
336000
60480
65536
100696425
135
1001
552960
13122
102
39600
938017885
2592
81648
133650
38016
18816
125440
3000
362
7785
113
56
360000
11264
38880
29700
2352
2688
103680
27216
805306368
26460
989447237
4608
248832
74
28000
2940
16800
94080
221184
583200
24300
25002
49920
1134
38400
169344
168960
70560
9450
95
672
79
408240
2156
70235461
2640
90
241920
112000
164640
957262828
115200
61440
37440
787320
55296
3960
2618049
85881
115
8400
102060
900360029
12288
7200
21
4914
34020
82268566
5000
31752
6075
282791
120
207360
9240
176400
3780
126720
68040
100800
76032
64152
1824
14336
63180
5073
349920
364500
20328
196608
132000
17424
123
41600
699840
96
81000
12800
52
40960
4943
2025
80640
69
20000
15552
7128
96000
42768
92160
202500
25920
3696
36283838
27720
21840
1960
1440
388800
92400
8100
393216
184320
54000
32670
105840
192
73728
16128
180000
35280
964532929
4536
10080
64512
21383
50000
32076
116640
1512
49500
5250
1848
7290
5280
118272
28512
34560
22464
665
441
540
83160
2310
44800
4680
8000
4374
85050
16
4320
20160
641
23400
4158
6399199
5600
396
322560
300
1632
5808
3264
136080
129
311040
432255
3
4733
1249
1530
43200
110250
536870912
23040
6765
442368
3240
47473
2
157464
4539685
5721
66
257
700
21600
5120
3375
13500
11664
2268
110592
54
142560
2097152
28080
621008
746803744
4
8424
33
26880
79548
224
9425
18
291600
15750
92
5940
11000
24000
696
88704
131
587234
8448
4725
491520
13440
14688
111
18000
13860
67200
468
430080
25490988
15840
19656
5346
52800
15120
504
70200
180
226151256
322081025
2160
7776
969
20592
122880
127
144000
163296
8250
2340
18480
22
2720
9216
99000
12960
8976
93312
96768
64680
15288
6037
64922375
142884
459270
270000
810
155520
84000
48510
4675
10752
71
245760
75264
22500
1100
27456
10710
32
69888
1741
6541551
864
39936
1701
68
633
17
12544
163840
4896
5616
1615
8
519
30973
5304
151200
32805
193
48
1520
87
56700
230400
22680
4620
172032
1
29160
107520
30720
375000
21504
186624
226800
55
123480
1764
4655
109
559
1920
6480
121
131980
2403381
3584
209952
46
44550
78000
9
340200
8624
414720
23760
84
91
7025
30030
174960
1048576
138240
78
1817
53940
4000
7392
117
58320
14560
80
12672
244944
200000
314928
10
27000
59400
1904
1386
88
9827
11340
1000000000
22176
7390
8826131
35100
122877509
3120
194241
2304
7
2707
1260
926315427
63
8640
307200
99840
576
655360
2250
37800
86400
54600
58054077
84579
46464
63000
15
66528
99
17640
67584
85536
11
38
141120
5400
104
486000
5601
106
23
6720
15876
34848
19440
52488
288
12150
6552
589833267
118263990
7296
994617
98304
139968
630
306180
69984
3168
8347
281
170100
10800
4050
987
967669583
25200
279936
194400
65
1836
331776
466560
97
276480
524288
71280
9489
81
6000
27184698
74088
725573
118800
48238
11016
12870
768
25600
45
10000
77760
10368
80949857
61740
62
3510
13824
4800
32000
42
6300
981028563
8748
12096
13230
78750
8960
31200
172800
7560
3072
17550
51030
40950
34300
646
43680
4488
179200
983900459
432000
6804
58
13680
12348
225792
129024
1000000
3157819
3456
7938
104976
697106497
2200
240000
24
998506315
147456
302400
70000
9180
17820
19200
3864
34944
43740
3509575
324000
17280
2431
49392
96228
368640
50544
2736
76
35503
6930
89100
145152
625433749
214573
3024
215040
83
1584
998244353
36
67500
52416
460800
8015864
77
41580
7920
14112
20
11232
9800
8320
395
3360
12768
165888
51
5184
482421315
1800
91857
2906162
373248
256000
37
150000
48600
653477439
47040
6840
786432
217728
64800
1728
70400
614400
1056
13056
816
135000
3900
33600
524880
323
204120
63504
904152917
3600
119
3888
567
45360
345600
31500
73
19800
782
57624
288000
7680
193536
29484
101250
934
688978813
448
5376
346742385
33696
101
5767201
2016
47520
8087519
22950
4788
21000
58800
1323
86016
33401221
98
8064
59136
16380
