965
225792
50688
12000
118272
20160
145152
74
2592
65
10
101
134400
226151256
459270
42120
9240
75600
504
1001
230400
114688
116
47
31
7
14
115
1741
49280
42
4733
3360
10560
432000
14256
2400
12672
9216
472392
11085765
3072
216
314928
3456
5000
108000
21168
131
625433749
442368
25
90720
32000
15400
53
23115571
3510
117
11
3024
23328
281250
91857
4914
307200
460800
10368
6300
86
1512
202500
33108
998506315
96228
11340
217728
170100
583200
14336
10080
301056
912
32
63360
546750
64512
48510
75
288000
567
78
2310
31752
21870
181440
26
4896
110592
1620
4788
67893369
18
900
31680
72900
25002
524880
8826131
120000
916855204
37
31104
66
47473
405000
2431
364500
49500
105000
640
76032
123480
226800
998244353
82944
151200
71
300
5616
64922375
72
2720
36283838
3900
5767201
39936
322560
641
967669583
4173641
17280
34
145800
79200
362880
49
28800
39600
49920
8064
448
4312
59400
120
12800
20000
653477439
17136
81000
16224
53940
13
58800
35640
2000
14040
17
491520
49392
100696425
8660
19200
3528
17820
5824
11232
87
546
58
3645
22500
192000
56448
587234
112000
180
41472
813
32076
282791
10752
2520
44550
3600
93
94770
408240
37440
1260
106
4374
291600
361
1134
27456
457481
51840
22950
12960
9000
52488
49000
9450
98415
11016
16464
131220
621008
5376
473
125
559
989447237
42768
108864
12240
157464
4158
22464
84480
23760
1824
19008
7455307
193
71805
276480
5346
1960
1680
129024
160
81920
172032
16320
36864
466560
8772
66150
64680
48
62208
3371
1215
54432
45360
235200
155520
5657
45000
47958485
486000
95
150528
24750
4160
92160
1440
113
64800
482421315
74880
19800
306180
4560
35280
139968
17424
2376
13500
430080
30
126
1008
8976
15552
40950
84
7680
673921
170
1800
196608
1890
36
655360
1920
24576
16000
1001604
3264
70
18816
40
10800
142884
100800
38880
29400
65536
34848
999999998
44800
9504
125440
118800
59136
50544
4000
393216
6000
252000
33696
21
27720
268800
21000
3864
986129769
3312
37800
60
50400
94080
64
8100
44
5760
200000
5016
67584
21600
21384
70235461
96000
48384
236250
5600
810
288
10260
10500
240000
83160
25200
4608
7200
63000
54000
630
13056
243000
58320
441
999999937
2160
518400
259200
209952
3509575
105600
75264
362
5120
17920
1520
172800
164640
409342369
8400
2940
13122
2707
45
2200
12288
34020
42000
787320
660
108
162000
84000
6750
19440
1944
900360029
23
7785
7560
85536
99
816
805306368
63180
15390
9827
14700
468
80949857
2025
34560
3960
68040
2736
2430
257
214573
420
88
201600
934
16800
3696
66528
8250
4
324000
180000
8
62
24480
32805
665
9
949106497
169344
24000
8424
21504
8320
52416
54
1615
7920
697106497
8550
46080
122
57600
10240
56160
536870912
216000
103680
144000
147456
98304
987
336000
7776
27216
116640
16128
672
33792
29
9408
61966
77760
21383
98
5400
4536
135
33750
1249
30720
2640
5280
2268
1836
96768
8748
122877509
13230
3780
107
622080
184320
32768
38
964532929
193536
110
5625
6400
50000
28080
57624
11264
2
8015864
9409159
63
179200
864
3120
128000
46464
15288
78000
3
2730
47520
36960
43200
110250
119
103
393660
55296
104976
1728
2100
77
47040
954158175
26460
161280
52920
302400
11664
1000000000
35503
69
15750
69888
8208
4704
1632
56
67200
192
15680
74088
51
9900
91
474
186624
72576
6720
41580
994617
112
69984
29700
5721
5297
40320
30030
786432
8347
65610
7040
176400
76
68
5250
8448
85881
57344
3000
99000
19656
102060
4410
15120
8624
26880
111
84240
4800
64152
294912
32256
20592
5040
5808
165888
63504
89
9489
1386
70200
12096
70000
12150
646
32640
6930
96
24192
14688
999999999
85712697
983900459
20736
5073
50
7390
207360
11000
84579
4480
69120
1671
1500
922505446
107520
24300
4943
61740
38016
6075
105
9600
87480
54880
81648
633
340200
42755209
89600
18000
13440
182250
48000
88704
22
115248
7290
21952
9425
122880
29952
4200
56700
42336
7392
373248
388800
29484
29160
44928
168000
16
349920
127
7389
904152917
7296
1848
969
3888
35
43740
12348
2880
131980
2403381
245760
20328
17640
97200
5601
141120
281
198450
396
10000
12768
9100
32400
43680
73
14400
83
4320
1817
25490988
15840
85
501
7025
331776
80
346742385
7897861
79
48600
97
244944
86400
2560
8640
576
174960
5520
938017885
22176
85050
1530
961175759
59
6804
194241
22848
5
136080
101250
4752
23100
93312
30240
47628
248832
20480
480000
90
40960
73728
2340
13824
46
25920
89100
6552
95040
4488
1
233280
8000
5940
38400
163840
168960
957262828
18432
115200
2304
30973
15876
92
14112
23040
29250
61440
241920
78750
322081025
2352
1701
34300
4675
129600
476014
40824
194400
5044
109
51030
1056
4050
6480
76800
2600
279936
21840
67500
81
16380
54600
10710
92317161
104
345600
48238
189
272160
4725
153600
725573
3584
27000
391
28
129
25600
2250
49896
55
311040
12544
31590
32670
1000000
517759
1323
4680
510205
4655
262440
2906162
67
700
6541551
8960
31200
33
28672
163296
17550
135000
3564
1048576
270000
124
150000
1600
52800
34944
102
746803744
24696
6399199
94
9180
80640
552960
16524
614400
142560
43
19
124416
41600
8316
60480
6
52
360000
1584
132300
540
3168
35100
432255
7500
118263990
121
132000
524288
13680
14560
2070
696
94500
138240
368640
53760
18240
224
92400
6765
4539685
414720
926315427
2618049
126720
971866761
300000
256000
38497
16200
23232
28512
20
123
9800
7056
127008
792
7128
128
211680
15
70560
33600
204120
589833267
57024
6037
8372259
2097152
221184
13860
24
6840
79548
4620
4032
5304
70400
2156
5184
1764
49152
34111
2688
7938
42105
323
105840
95256
375000
3240
118
60000
23400
981028563
112896
215040
57
99840
782
1100
71280
22680
12870
699840
72000
768
3157819
688978813
33401221
519
29120
27184698
58054077
18480
6600
8087519
1904
82268566
2016
31500
133650
86016
18720
3375
5200
395
28000
